0 1
1 1
2 1
3 1
4 1
5 1
6 1
7 1
8 1
9 1
10 1
11 1
12 1
13 1
13 2
13 3
14 3
15 3
15 2
15 1
16 1
17 1
18 1
19 1
20 1
21 1
22 1
23 1
24 1
25 1
26 1
27 1
28 1
29 1
30 1
31 1
32 1
33 1
34 1
35 1
36 1
37 1
38 1
39 1
40 1
41 1
42 1
43 1
44 1
45 1
46 1
47 1
48 1
49 1
50 1
51 1
52 1
53 1
54 1
55 1
56 1
57 1
58 1
59 1
60 1
61 1
62 1
63 1
64 1
65 1
66 1
67 1
68 1
69 1
70 1
71 1
72 1
73 1
74 1
75 1
76 1
77 1
78 1
79 1
80 1
81 1
82 1
83 1
84 1
85 1
86 1
87 1
88 1
89 1
90 1
91 1
92 1
93 1
94 1
95 1
96 1
97 1
98 1
99 1
100 1
101 1
102 1
103 1
104 1
105 1
106 1
107 1
107 2
107 3
108 3
109 3
110 3
111 3
112 3
113 3
113 2
113 1
112 1
111 1
110 1
109 1
110 1
111 1
112 1
113 1
114 1
115 1
116 1
117 1
118 1
119 1
120 1
121 1
122 1
123 1
124 1
125 1
126 1
127 1
128 1
129 1
130 1
131 1
132 1
133 1
133 2
133 3
134 3
135 3
136 3
137 3
137 2
137 1
136 1
135 1
136 1
137 1
138 1
139 1
140 1
141 1
142 1
143 1
144 1
145 1
146 1
147 1
148 1
149 1
150 1
151 1
152 1
153 1
154 1
155 1
156 1
157 1
158 1
159 1
160 1
161 1
162 1
163 1
164 1
165 1
166 1
167 1
168 1
169 1
170 1
171 1
172 1
173 1
174 1
175 1
176 1
177 1
177 2
177 3
177 4
177 5
178 5
179 5
180 5
181 5
181 4
181 3
182 3
183 3
184 3
185 3
185 2
185 1
184 1
183 1
182 1
181 1
180 1
179 1
179 2
179 3
179 2
179 1
180 1
181 1
182 1
183 1
184 1
185 1
186 1
187 1
188 1
189 1
190 1
191 1
192 1
193 1
194 1
195 1
196 1
197 1
198 1
199 1
199 2
199 3
199 4
199 3
199 2
199 1
198 1
197 1
197 2
197 3
196 3
195 3
195 4
195 5
195 4
195 3
196 3
197 3
197 2
197 1
196 1
195 1
194 1
193 1
193 2
193 3
193 4
193 5
193 6
193 7
194 7
195 7
196 7
197 7
197 6
197 5
198 5
197 5
197 6
197 7
196 7
195 7
194 7
193 7
193 8
193 9
193 10
193 11
193 12
193 13
193 14
193 15
193 16
193 17
194 17
195 17
194 17
193 17
193 16
193 15
193 14
193 13
193 12
193 11
193 10
193 9
193 8
193 7
192 7
191 7
190 7
189 7
188 7
187 7
187 8
187 9
188 9
189 9
190 9
191 9
190 9
189 9
188 9
187 9
187 10
187 11
187 12
187 13
187 14
187 15
188 15
189 15
189 14
189 13
189 12
189 11
190 11
191 11
191 12
191 13
191 12
191 11
190 11
189 11
189 12
189 13
189 14
189 15
188 15
187 15
187 14
187 13
186 13
185 13
184 13
183 13
184 13
185 13
186 13
187 13
187 12
187 11
187 10
187 9
186 9
185 9
185 10
185 11
184 11
183 11
182 11
181 11
180 11
179 11
178 11
177 11
177 12
177 13
177 14
177 15
177 16
177 17
178 17
179 17
179 16
179 15
179 14
179 13
180 13
181 13
181 14
181 15
182 15
183 15
184 15
185 15
185 16
185 17
186 17
187 17
188 17
189 17
190 17
191 17
191 16
191 15
191 16
191 17
190 17
189 17
188 17
187 17
186 17
185 17
185 16
185 15
184 15
183 15
183 16
183 17
183 18
183 19
184 19
185 19
186 19
187 19
188 19
189 19
190 19
191 19
192 19
193 19
192 19
191 19
190 19
189 19
189 20
189 21
189 22
189 23
190 23
191 23
190 23
189 23
189 24
189 25
189 24
189 23
189 22
189 21
189 20
189 19
188 19
187 19
186 19
185 19
185 20
185 21
185 20
185 19
184 19
183 19
182 19
181 19
182 19
183 19
183 18
183 17
183 16
183 15
182 15
181 15
181 14
181 13
180 13
179 13
179 14
179 15
179 16
179 17
180 17
181 17
180 17
179 17
179 18
179 19
179 20
179 21
179 20
179 19
179 18
179 17
178 17
177 17
176 17
175 17
175 18
175 19
175 20
175 21
175 22
175 23
175 24
175 25
175 26
175 27
176 27
177 27
177 26
177 25
177 24
177 23
177 22
177 21
177 20
177 19
177 20
177 21
177 22
177 23
178 23
179 23
180 23
181 23
181 22
181 21
182 21
183 21
183 22
183 23
184 23
185 23
186 23
187 23
187 22
187 21
187 22
187 23
187 24
187 25
187 26
187 27
188 27
189 27
190 27
191 27
191 26
191 25
192 25
193 25
193 24
193 23
193 22
193 21
192 21
191 21
192 21
193 21
194 21
195 21
195 20
195 19
195 20
195 21
195 22
195 23
196 23
197 23
197 22
197 21
197 20
197 19
197 18
197 17
197 16
197 15
196 15
195 15
195 14
195 13
195 12
195 11
195 10
195 9
195 10
195 11
195 12
195 13
195 14
195 15
196 15
197 15
197 14
197 13
197 12
197 11
197 12
197 13
197 14
197 15
197 16
197 17
197 18
197 19
197 20
197 21
197 22
197 23
197 24
197 25
197 26
197 27
197 28
197 29
196 29
195 29
194 29
193 29
193 30
193 31
193 32
193 33
194 33
195 33
196 33
197 33
196 33
195 33
195 34
195 35
196 35
197 35
198 35
199 35
199 34
199 33
199 32
199 31
198 31
197 31
196 31
195 31
196 31
197 31
198 31
199 31
199 30
199 29
199 28
199 27
199 26
199 25
199 24
199 23
199 22
199 21
199 20
199 19
199 18
199 17
199 16
199 15
199 14
199 13
199 12
199 11
199 10
199 11
199 12
199 13
199 14
199 15
199 16
199 17
199 18
199 19
199 20
199 21
199 22
199 23
199 24
199 25
199 26
199 27
199 28
199 29
199 30
199 31
199 32
199 33
199 34
199 35
199 36
199 37
199 38
199 39
199 40
199 41
199 42
199 43
199 44
199 45
199 46
199 47
199 48
199 49
199 50
199 51
199 52
199 51
199 50
199 49
199 48
199 47
198 47
197 47
197 46
197 45
196 45
195 45
194 45
193 45
192 45
191 45
191 46
191 47
192 47
193 47
194 47
195 47
195 48
195 49
196 49
197 49
197 50
197 49
196 49
195 49
195 48
195 47
194 47
193 47
192 47
191 47
191 46
191 45
190 45
189 45
188 45
187 45
188 45
189 45
189 44
189 43
189 44
189 45
190 45
191 45
192 45
193 45
194 45
195 45
196 45
197 45
198 45
199 45
199 44
199 43
198 43
197 43
196 43
195 43
194 43
193 43
192 43
191 43
191 42
191 41
190 41
189 41
188 41
187 41
187 42
187 43
186 43
185 43
185 44
185 45
185 46
185 47
186 47
187 47
188 47
189 47
189 48
189 49
190 49
191 49
192 49
193 49
193 50
193 51
194 51
195 51
195 52
195 53
194 53
193 53
193 54
193 55
192 55
191 55
190 55
189 55
189 54
189 53
188 53
187 53
187 52
187 51
187 50
187 49
187 50
187 51
187 52
187 53
188 53
189 53
189 54
189 55
190 55
191 55
192 55
193 55
193 54
193 53
194 53
195 53
195 52
195 51
194 51
193 51
192 51
191 51
191 52
191 53
191 52
191 51
192 51
193 51
193 50
193 49
192 49
191 49
190 49
189 49
189 50
189 51
189 50
189 49
189 48
189 47
188 47
187 47
186 47
185 47
185 48
185 49
185 50
185 51
185 52
185 53
185 54
185 55
186 55
187 55
187 56
187 57
188 57
189 57
190 57
191 57
192 57
193 57
194 57
193 57
192 57
191 57
190 57
189 57
188 57
187 57
187 56
187 55
186 55
185 55
184 55
183 55
183 56
183 57
183 58
183 59
182 59
181 59
180 59
179 59
179 60
179 61
179 62
179 63
180 63
181 63
181 62
181 61
182 61
183 61
184 61
185 61
185 60
185 59
185 58
185 57
185 58
185 59
185 60
185 61
186 61
187 61
188 61
189 61
190 61
191 61
191 60
191 59
190 59
189 59
188 59
187 59
188 59
189 59
190 59
191 59
192 59
193 59
192 59
191 59
191 60
191 61
192 61
193 61
194 61
195 61
195 60
195 59
195 58
195 59
196 59
197 59
197 60
197 61
197 62
197 63
197 62
197 61
197 60
197 59
196 59
195 59
195 60
195 61
195 62
195 63
195 62
195 61
194 61
193 61
193 62
193 63
193 64
193 65
194 65
195 65
196 65
197 65
196 65
195 65
195 66
195 67
195 66
195 65
194 65
193 65
193 64
193 63
193 62
193 61
192 61
191 61
190 61
189 61
188 61
187 61
187 62
187 63
187 64
187 65
188 65
189 65
189 64
189 63
190 63
191 63
190 63
189 63
189 64
189 65
189 66
189 67
189 66
189 65
188 65
187 65
187 64
187 63
187 62
187 61
186 61
185 61
184 61
183 61
182 61
181 61
181 62
181 63
181 64
181 65
181 66
181 67
182 67
183 67
184 67
185 67
185 66
185 65
185 64
185 63
184 63
183 63
183 64
183 65
183 64
183 63
184 63
185 63
185 64
185 65
185 66
185 67
186 67
187 67
187 68
187 69
187 70
187 71
188 71
189 71
189 70
189 69
190 69
191 69
192 69
193 69
193 68
193 67
192 67
191 67
191 66
191 65
191 66
191 67
192 67
193 67
193 68
193 69
194 69
195 69
196 69
197 69
198 69
199 69
199 68
199 67
198 67
197 67
198 67
199 67
199 66
199 65
199 64
199 63
199 62
199 61
199 60
199 59
199 58
199 59
199 60
199 61
199 62
199 63
199 64
199 65
199 66
199 67
199 68
199 69
199 70
199 71
199 72
199 73
199 74
199 75
199 76
199 75
199 74
199 73
198 73
197 73
197 74
197 75
196 75
195 75
194 75
193 75
192 75
191 75
191 76
191 77
191 78
191 79
192 79
193 79
193 78
193 77
194 77
195 77
196 77
197 77
198 77
197 77
196 77
195 77
194 77
193 77
193 78
193 79
193 80
193 81
194 81
195 81
195 80
195 79
196 79
197 79
196 79
195 79
195 80
195 81
194 81
193 81
193 80
193 79
192 79
191 79
191 78
191 77
190 77
189 77
189 76
189 75
189 74
189 73
190 73
191 73
191 72
191 71
192 71
193 71
194 71
193 71
192 71
191 71
191 72
191 73
190 73
189 73
189 74
189 75
189 76
189 77
190 77
191 77
191 76
191 75
192 75
193 75
193 74
193 73
193 74
193 75
194 75
195 75
196 75
197 75
197 74
197 73
198 73
199 73
199 72
199 71
199 70
199 69
198 69
197 69
196 69
195 69
194 69
193 69
192 69
191 69
190 69
189 69
189 70
189 71
188 71
187 71
187 70
187 69
187 68
187 67
186 67
185 67
184 67
183 67
182 67
181 67
180 67
179 67
179 68
179 69
179 70
179 71
180 71
181 71
181 72
181 73
182 73
183 73
183 72
183 71
183 70
183 69
182 69
181 69
182 69
183 69
184 69
185 69
184 69
183 69
183 70
183 71
183 72
183 73
183 74
183 75
183 74
183 73
182 73
181 73
180 73
179 73
179 74
179 75
178 75
177 75
177 74
177 73
176 73
175 73
175 72
175 71
176 71
177 71
176 71
175 71
175 72
175 73
176 73
177 73
177 74
177 75
178 75
179 75
179 74
179 73
179 72
179 71
179 70
179 69
179 68
179 67
178 67
177 67
176 67
175 67
174 67
173 67
173 68
173 69
174 69
175 69
176 69
177 69
176 69
175 69
174 69
173 69
173 70
173 71
173 72
173 73
173 74
173 75
174 75
175 75
175 76
175 77
176 77
177 77
178 77
179 77
180 77
181 77
181 76
181 75
181 76
181 77
182 77
183 77
184 77
185 77
185 76
185 75
185 74
185 73
185 72
185 71
185 72
185 73
186 73
187 73
187 74
187 75
187 76
187 77
187 78
187 79
187 78
187 77
187 76
187 75
187 74
187 73
186 73
185 73
185 74
185 75
185 76
185 77
184 77
183 77
182 77
181 77
181 78
181 79
181 80
181 81
182 81
183 81
182 81
181 81
180 81
179 81
178 81
177 81
177 82
177 83
177 84
177 85
176 85
175 85
175 86
175 87
175 88
175 89
174 89
173 89
173 90
173 91
173 92
173 93
173 92
173 91
172 91
171 91
171 92
171 93
171 94
171 95
172 95
173 95
174 95
175 95
176 95
177 95
177 94
177 93
178 93
179 93
179 92
179 91
180 91
181 91
181 90
181 89
181 88
181 87
181 86
181 85
181 86
181 87
181 88
181 89
182 89
183 89
182 89
181 89
181 90
181 91
180 91
179 91
179 92
179 93
178 93
177 93
177 94
177 95
176 95
175 95
174 95
173 95
172 95
171 95
171 96
171 97
171 98
171 99
170 99
169 99
170 99
171 99
171 98
171 97
170 97
169 97
168 97
167 97
167 98
167 99
167 100
167 101
167 102
167 103
166 103
165 103
164 103
163 103
163 104
163 105
162 105
161 105
160 105
159 105
159 106
159 107
160 107
161 107
162 107
163 107
164 107
165 107
165 106
165 105
166 105
167 105
168 105
169 105
169 104
169 103
169 104
169 105
169 106
169 107
169 108
169 109
168 109
167 109
166 109
165 109
164 109
163 109
163 110
163 111
163 112
163 113
163 114
163 115
162 115
161 115
161 116
161 117
161 118
161 119
161 118
161 117
160 117
159 117
159 118
159 119
159 120
159 121
160 121
161 121
162 121
163 121
163 120
163 119
163 118
163 117
164 117
165 117
165 116
165 115
165 114
165 113
165 112
165 111
165 112
165 113
166 113
167 113
167 112
167 111
168 111
169 111
170 111
171 111
171 110
171 109
171 108
171 107
171 108
171 109
171 110
171 111
172 111
173 111
174 111
175 111
175 110
175 109
175 108
175 107
175 108
175 109
175 110
175 111
176 111
177 111
177 110
177 109
177 108
177 107
177 106
177 105
176 105
175 105
174 105
173 105
173 106
173 107
173 108
173 109
173 108
173 107
173 106
173 105
172 105
171 105
171 104
171 103
171 102
171 101
170 101
169 101
170 101
171 101
172 101
173 101
173 100
173 99
173 98
173 97
174 97
175 97
176 97
177 97
178 97
179 97
179 96
179 95
180 95
181 95
181 94
181 93
182 93
183 93
183 92
183 91
184 91
185 91
185 90
185 89
185 88
185 87
184 87
183 87
184 87
185 87
185 88
185 89
186 89
187 89
187 88
187 87
187 86
187 85
186 85
185 85
184 85
183 85
183 84
183 83
182 83
181 83
180 83
179 83
179 84
179 85
179 86
179 87
179 88
179 89
178 89
177 89
177 90
177 91
176 91
175 91
175 92
175 93
175 92
175 91
176 91
177 91
177 90
177 89
178 89
179 89
179 88
179 87
178 87
177 87
178 87
179 87
179 86
179 85
179 84
179 83
180 83
181 83
182 83
183 83
184 83
185 83
185 82
185 81
185 80
185 79
184 79
183 79
184 79
185 79
185 80
185 81
186 81
187 81
188 81
189 81
189 80
189 79
189 80
189 81
190 81
191 81
191 82
191 83
192 83
193 83
194 83
195 83
196 83
195 83
194 83
193 83
192 83
191 83
191 84
191 85
192 85
193 85
194 85
195 85
196 85
197 85
196 85
195 85
194 85
193 85
192 85
191 85
191 86
191 87
191 88
191 89
191 90
191 91
191 92
191 93
191 94
191 95
191 94
191 93
191 92
191 91
191 90
191 89
191 88
191 87
191 86
191 85
191 84
191 83
191 82
191 81
190 81
189 81
188 81
187 81
186 81
185 81
185 82
185 83
185 84
185 85
186 85
187 85
187 86
187 87
187 88
187 89
186 89
185 89
185 90
185 91
184 91
183 91
183 92
183 93
183 94
183 95
184 95
185 95
186 95
187 95
186 95
185 95
184 95
183 95
183 96
183 97
182 97
181 97
181 98
181 99
181 100
181 101
182 101
183 101
183 102
183 103
182 103
181 103
182 103
183 103
183 102
183 101
182 101
181 101
180 101
179 101
179 102
179 103
179 104
179 105
180 105
181 105
182 105
183 105
184 105
185 105
185 104
185 103
185 102
185 101
185 100
185 99
184 99
183 99
184 99
185 99
185 98
185 97
186 97
187 97
188 97
189 97
189 96
189 95
189 94
189 93
188 93
187 93
186 93
185 93
186 93
187 93
187 92
187 91
188 91
189 91
189 90
189 89
189 88
189 87
189 86
189 85
189 84
189 83
188 83
187 83
188 83
189 83
189 84
189 85
189 86
189 87
189 88
189 89
189 90
189 91
189 92
189 93
189 94
189 95
189 96
189 97
190 97
191 97
192 97
193 97
193 96
193 95
193 94
193 93
193 94
193 95
194 95
195 95
195 94
195 93
195 92
195 91
195 90
195 89
196 89
197 89
196 89
195 89
195 90
195 91
195 92
195 93
196 93
197 93
197 92
197 91
198 91
199 91
199 90
199 89
199 88
199 87
198 87
197 87
196 87
195 87
194 87
193 87
193 88
193 89
193 90
193 91
193 90
193 89
193 88
193 87
194 87
195 87
196 87
197 87
198 87
199 87
199 86
199 85
199 84
199 83
199 82
199 81
198 81
197 81
197 82
197 81
198 81
199 81
199 80
199 79
199 78
199 79
199 80
199 81
199 82
199 83
199 84
199 85
199 86
199 87
199 88
199 89
199 90
199 91
198 91
197 91
197 92
197 93
198 93
199 93
199 94
199 95
199 96
199 97
199 98
199 99
199 100
199 101
199 102
199 103
199 104
199 103
199 102
199 101
199 100
199 99
199 98
199 97
199 96
199 95
199 94
199 93
198 93
197 93
196 93
195 93
195 94
195 95
194 95
193 95
193 96
193 97
193 98
193 99
194 99
195 99
195 98
195 97
196 97
197 97
197 96
197 95
197 96
197 97
196 97
195 97
195 98
195 99
194 99
193 99
193 98
193 97
192 97
191 97
190 97
189 97
188 97
187 97
186 97
185 97
185 98
185 99
185 100
185 101
185 102
185 103
185 104
185 105
186 105
187 105
186 105
185 105
184 105
183 105
183 106
183 107
183 108
183 109
183 110
183 111
183 112
183 113
184 113
185 113
186 113
187 113
187 112
187 111
187 112
187 113
188 113
189 113
189 112
189 111
189 110
189 109
189 108
189 107
188 107
187 107
186 107
185 107
185 108
185 109
186 109
187 109
186 109
185 109
185 110
185 111
185 110
185 109
185 108
185 107
186 107
187 107
188 107
189 107
189 106
189 105
189 104
189 103
188 103
187 103
188 103
189 103
190 103
191 103
192 103
193 103
193 104
193 105
194 105
195 105
196 105
197 105
197 104
197 103
197 102
197 101
196 101
195 101
194 101
193 101
192 101
191 101
190 101
189 101
188 101
187 101
188 101
189 101
190 101
191 101
191 100
191 99
190 99
189 99
188 99
187 99
188 99
189 99
190 99
191 99
191 100
191 101
192 101
193 101
194 101
195 101
196 101
197 101
197 100
197 99
197 100
197 101
197 102
197 103
197 104
197 105
197 106
197 107
197 106
197 105
196 105
195 105
194 105
193 105
193 104
193 103
192 103
191 103
190 103
189 103
189 104
189 105
189 106
189 107
189 108
189 109
189 110
189 111
189 112
189 113
190 113
191 113
192 113
193 113
193 114
193 115
193 116
193 117
194 117
195 117
196 117
197 117
197 116
197 115
196 115
195 115
195 114
195 113
195 112
195 111
194 111
193 111
192 111
191 111
192 111
193 111
194 111
195 111
195 110
195 109
195 108
195 107
194 107
193 107
192 107
191 107
191 108
191 109
192 109
193 109
192 109
191 109
191 108
191 107
191 106
191 105
191 106
191 107
192 107
193 107
194 107
195 107
195 108
195 109
196 109
197 109
198 109
199 109
199 108
199 107
199 106
199 107
199 108
199 109
199 110
199 111
199 112
199 113
199 114
199 115
199 116
199 117
199 118
199 119
199 120
199 121
199 122
199 123
199 122
199 121
199 120
199 119
199 118
199 117
198 117
197 117
196 117
195 117
194 117
193 117
193 118
193 119
193 120
193 121
194 121
195 121
196 121
197 121
197 120
197 119
196 119
195 119
196 119
197 119
197 120
197 121
197 122
197 123
197 124
197 125
198 125
197 125
197 126
197 127
197 126
197 125
197 124
197 123
197 122
197 121
196 121
195 121
194 121
193 121
193 122
193 123
193 122
193 121
192 121
191 121
190 121
189 121
188 121
187 121
186 121
185 121
185 122
185 123
185 124
185 125
186 125
187 125
188 125
189 125
190 125
191 125
191 124
191 123
190 123
189 123
188 123
187 123
188 123
189 123
190 123
191 123
191 124
191 125
192 125
193 125
194 125
195 125
195 124
195 123
195 124
195 125
195 126
195 127
195 128
195 129
196 129
197 129
198 129
199 129
199 128
199 127
199 128
199 129
199 130
199 131
199 132
199 133
199 134
199 135
199 136
199 137
199 138
199 139
199 140
199 141
199 142
199 143
199 144
199 145
199 146
199 147
198 147
197 147
197 148
197 149
197 150
197 151
197 152
197 153
197 154
197 155
197 156
197 157
197 156
197 155
196 155
195 155
195 156
195 157
195 158
195 159
196 159
197 159
198 159
199 159
199 158
199 157
199 156
199 155
199 154
199 153
199 152
199 151
199 150
199 149
199 150
199 151
199 152
199 153
199 154
199 155
199 156
199 157
199 158
199 159
199 160
199 161
199 162
199 163
199 164
199 165
199 166
199 167
199 168
199 169
199 170
199 171
199 172
199 173
199 174
199 175
199 176
199 177
199 178
199 179
199 180
199 181
199 182
199 183
199 184
199 185
199 186
199 187
199 188
199 189
199 190
199 191
199 192
199 193
199 194
199 195
199 196
199 197
199 198
199 199
200 199
